0C000054
0A800020
A2800000
234
1231
234
12423
425
12123
897
0
0
0
0
0
0
0
0
0
0
0
0
0
0
0
0
0
0
0
0
0
0
0
0
0
0
0
0
0
0
0
0
0
0
0
0
0
0
0
0
0
0
0
025
0
0
0
0
0
0
0
0
0
0
0
0
0
0
0
0
0
0
0
0
0
0
0
0
0
0
0
0
0
0
123
97
067
045
0878
03458
04568
04528
123
4578
1241234
678
435
345
3453
4564
456
456
234
786
3453
23473
678
4564
456
0
0
0
0
0
0
00
0
0
0
0
0
0
0
0
0
0
0
0
0
0
0
0
0
0
0
0
0
0
0
0
0
0
0
0
0
0
0
0
0
0
0
0
0
0
00
0
00
0
0
0
0
0
0
0
0
0
0
0
0
0
0
0
0
00
0
0
0
00
0
0
0
0
0
0
0
0
0
0
0
0
0
0
0
0
00
0
0
0
00
0
0
0
0
0
0
0
0
0
0
0
0
0
0
0
0
00
0
0
0
00
0
0
0
0
0
0
0
0
0
0
0
0
0
0
0
019
00
0
0
0
00
0
0
0
0
0
0
0
0
0
0
0
0
0
0
0
0
00
0
0
0
00
0
0
0
0
0
0
0
0
0
0
0
0
0
0
0
0
00
0
0
0
00
0
0
0
0
0
0
0
0
0
0
0
0
0
0
0
0
00
0
0


